Test Sample, 26.6.2020, 9:15
Fixed value(s) :  AC Volt  [Vrms]=1.0000e-01
 Freq. [Hz]	 Temp. [°C]	 Eps'    	 Eps''   
1.00000e+07	-2.00000e+01	-6.37878e+01	1.31677e+01
7.14286e+06	-2.00000e+01	-9.70567e+01	2.74194e+01
5.10204e+06	-2.00000e+01	-1.64049e+02	6.27590e+01
3.64432e+06	-2.00000e+01	-2.76168e+02	1.34865e+02
2.60308e+06	-2.00000e+01	-4.50658e+02	2.97357e+02
1.85934e+06	-2.00000e+01	-6.83003e+02	6.22732e+02
1.32810e+06	-2.00000e+01	-9.52233e+02	1.19631e+03
9.48645e+05	-2.00000e+01	-1.21866e+03	2.05389e+03
6.77604e+05	-2.00000e+01	-1.43207e+03	3.32901e+03
4.84003e+05	-2.00000e+01	-1.56747e+03	5.12995e+03
3.45716e+05	-2.00000e+01	-1.49089e+03	7.64853e+03
2.46940e+05	-2.00000e+01	-1.05838e+03	1.10843e+04
1.76386e+05	-2.00000e+01	-3.53239e+01	1.57336e+04
1.25990e+05	-2.00000e+01	2.01825e+03	2.17715e+04
8.99928e+04	-2.00000e+01	5.81285e+03	2.98566e+04
6.42805e+04	-2.00000e+01	1.25261e+04	3.91714e+04
4.59147e+04	-2.00000e+01	2.35010e+04	4.90116e+04
3.27962e+04	-2.00000e+01	3.88852e+04	5.67368e+04
2.34258e+04	-2.00000e+01	5.71132e+04	5.99689e+04
1.67328e+04	-2.00000e+01	7.47246e+04	5.83713e+04
1.19520e+04	-2.00000e+01	8.97044e+04	5.35813e+04
8.53712e+03	-2.00000e+01	1.01537e+05	4.77187e+04
6.09794e+03	-2.00000e+01	1.10718e+05	4.21701e+04
4.35567e+03	-2.00000e+01	1.17954e+05	3.76277e+04
3.11119e+03	-2.00000e+01	1.23944e+05	3.43772e+04
2.22228e+03	-2.00000e+01	1.29253e+05	3.25205e+04
1.58734e+03	-2.00000e+01	1.34358e+05	3.19725e+04
1.13382e+03	-2.00000e+01	1.39477e+05	3.26489e+04
8.09869e+02	-2.00000e+01	1.45008e+05	3.44777e+04
5.78478e+02	-2.00000e+01	1.51172e+05	3.74177e+04
4.13199e+02	-2.00000e+01	1.58175e+05	4.14009e+04
2.95142e+02	-2.00000e+01	1.66385e+05	4.64110e+04
2.10816e+02	-2.00000e+01	1.75776e+05	5.22628e+04
1.50583e+02	-2.00000e+01	1.86649e+05	5.88707e+04
1.07559e+02	-2.00000e+01	1.99192e+05	6.61060e+04
7.68279e+01	-2.00000e+01	2.13455e+05	7.38159e+04
5.48770e+01	-2.00000e+01	2.29350e+05	8.19160e+04
3.91979e+01	-2.00000e+01	2.46674e+05	9.05432e+04
2.79985e+01	-2.00000e+01	2.65284e+05	9.98485e+04
1.99989e+01	-2.00000e+01	2.85494e+05	1.10589e+05
1.42850e+01	-2.00000e+01	3.08124e+05	1.23290e+05
1.02035e+01	-2.00000e+01	3.33096e+05	1.38208e+05
7.28824e+00	-2.00000e+01	3.60793e+05	1.55282e+05
5.20588e+00	-2.00000e+01	3.92370e+05	1.75159e+05
3.71849e+00	-2.00000e+01	4.27869e+05	1.98571e+05
2.65606e+00	-2.00000e+01	4.68343e+05	2.25560e+05
1.89719e+00	-2.00000e+01	5.15332e+05	2.56105e+05
1.35513e+00	-2.00000e+01	5.67890e+05	2.94311e+05
9.67953e-01	-2.00000e+01	6.28934e+05	3.37432e+05
6.91395e-01	-2.00000e+01	6.99596e+05	3.87756e+05
4.93854e-01	-2.00000e+01	7.81017e+05	4.46985e+05
3.52753e-01	-2.00000e+01	8.73267e+05	5.17327e+05
2.51966e-01	-2.00000e+01	9.80556e+05	6.02758e+05
1.79976e-01	-2.00000e+01	1.10112e+06	7.06051e+05
1.28554e-01	-2.00000e+01	1.23420e+06	8.31186e+05
1.00000e-01	-2.00000e+01	1.34957e+06	9.47864e+05
1.00000e+07	-1.50000e+01	-6.37469e+01	1.29219e+01
7.14286e+06	-1.50000e+01	-9.69506e+01	2.74099e+01
5.10204e+06	-1.50000e+01	-1.63841e+02	6.24424e+01
3.64432e+06	-1.50000e+01	-2.76033e+02	1.34202e+02
2.60308e+06	-1.50000e+01	-4.50559e+02	2.96472e+02
1.85934e+06	-1.50000e+01	-6.82994e+02	6.21738e+02
1.32810e+06	-1.50000e+01	-9.52598e+02	1.19520e+03
9.48645e+05	-1.50000e+01	-1.21885e+03	2.05166e+03
6.77604e+05	-1.50000e+01	-1.43240e+03	3.32440e+03
4.84003e+05	-1.50000e+01	-1.56795e+03	5.12010e+03
3.45716e+05	-1.50000e+01	-1.49571e+03	7.62800e+03
2.46940e+05	-1.50000e+01	-1.07660e+03	1.10462e+04
1.76386e+05	-1.50000e+01	-8.62377e+01	1.56731e+04
1.25990e+05	-1.50000e+01	1.90218e+03	2.16906e+04
8.99928e+04	-1.50000e+01	5.57311e+03	2.97838e+04
6.42805e+04	-1.50000e+01	1.21032e+04	3.91981e+04
4.59147e+04	-1.50000e+01	2.28671e+04	4.93069e+04
3.27962e+04	-1.50000e+01	3.81545e+04	5.75345e+04
2.34258e+04	-1.50000e+01	5.65915e+04	6.14171e+04
1.67328e+04	-1.50000e+01	7.47660e+04	6.03613e+04
1.19520e+04	-1.50000e+01	9.04567e+04	5.58791e+04
8.53712e+03	-1.50000e+01	1.02964e+05	5.01047e+04
6.09794e+03	-1.50000e+01	1.12751e+05	4.45522e+04
4.35567e+03	-1.50000e+01	1.20511e+05	3.99691e+04
3.11119e+03	-1.50000e+01	1.26955e+05	3.67318e+04
2.22228e+03	-1.50000e+01	1.32713e+05	3.49368e+04
1.58734e+03	-1.50000e+01	1.38256e+05	3.45217e+04
1.13382e+03	-1.50000e+01	1.43833e+05	3.54064e+04
8.09869e+02	-1.50000e+01	1.49876e+05	3.75167e+04
5.78478e+02	-1.50000e+01	1.56630e+05	4.08375e+04
4.13199e+02	-1.50000e+01	1.64310e+05	4.52799e+04
2.95142e+02	-1.50000e+01	1.73319e+05	5.08189e+04
2.10816e+02	-1.50000e+01	1.83603e+05	5.73202e+04
1.50583e+02	-1.50000e+01	1.95507e+05	6.46473e+04
1.07559e+02	-1.50000e+01	2.09205e+05	7.27108e+04
7.68279e+01	-1.50000e+01	2.24767e+05	8.13804e+04
5.48770e+01	-1.50000e+01	2.42078e+05	9.06592e+04
3.91979e+01	-1.50000e+01	2.61060e+05	1.00670e+05
2.79985e+01	-1.50000e+01	2.81463e+05	1.11801e+05
1.99989e+01	-1.50000e+01	3.04088e+05	1.24706e+05
1.42850e+01	-1.50000e+01	3.29262e+05	1.39975e+05
1.02035e+01	-1.50000e+01	3.57517e+05	1.57917e+05
7.28824e+00	-1.50000e+01	3.89382e+05	1.78794e+05
5.20588e+00	-1.50000e+01	4.25490e+05	2.03084e+05
3.71849e+00	-1.50000e+01	4.66739e+05	2.31000e+05
2.65606e+00	-1.50000e+01	5.14222e+05	2.63913e+05
1.89719e+00	-1.50000e+01	5.68262e+05	3.02413e+05
1.35513e+00	-1.50000e+01	6.31123e+05	3.48867e+05
9.67953e-01	-1.50000e+01	7.02581e+05	4.02120e+05
6.91395e-01	-1.50000e+01	7.84683e+05	4.64495e+05
4.93854e-01	-1.50000e+01	8.81050e+05	5.41971e+05
3.52753e-01	-1.50000e+01	9.89977e+05	6.33559e+05
2.51966e-01	-1.50000e+01	1.11608e+06	7.46370e+05
1.79976e-01	-1.50000e+01	1.25958e+06	8.85985e+05
1.28554e-01	-1.50000e+01	1.41723e+06	1.05323e+06
1.00000e-01	-1.50000e+01	1.55131e+06	1.20491e+06
1.00000e+07	-1.00000e+01	-6.42954e+01	1.16018e+01
7.14286e+06	-1.00000e+01	-9.81737e+01	2.53649e+01
5.10204e+06	-1.00000e+01	-1.67250e+02	5.83600e+01
3.64432e+06	-1.00000e+01	-2.85157e+02	1.26240e+02
2.60308e+06	-1.00000e+01	-4.75563e+02	2.84110e+02
1.85934e+06	-1.00000e+01	-7.42553e+02	6.12371e+02
1.32810e+06	-1.00000e+01	-1.07221e+03	1.21434e+03
9.48645e+05	-1.00000e+01	-1.41400e+03	2.14385e+03
6.77604e+05	-1.00000e+01	-1.70676e+03	3.55736e+03
4.84003e+05	-1.00000e+01	-1.90968e+03	5.57610e+03
3.45716e+05	-1.00000e+01	-1.85685e+03	8.41253e+03
2.46940e+05	-1.00000e+01	-1.37004e+03	1.22723e+04
1.76386e+05	-1.00000e+01	-1.80342e+02	1.74753e+04
1.25990e+05	-1.00000e+01	2.21844e+03	2.41594e+04
8.99928e+04	-1.00000e+01	6.62745e+03	3.30637e+04
6.42805e+04	-1.00000e+01	1.43323e+04	4.31043e+04
4.59147e+04	-1.00000e+01	2.67175e+04	5.34072e+04
3.27962e+04	-1.00000e+01	4.36286e+04	6.10146e+04
2.34258e+04	-1.00000e+01	6.30447e+04	6.36084e+04
1.67328e+04	-1.00000e+01	8.12643e+04	6.12985e+04
1.19520e+04	-1.00000e+01	9.64529e+04	5.61080e+04
8.53712e+03	-1.00000e+01	1.08459e+05	5.01686e+04
6.09794e+03	-1.00000e+01	1.17901e+05	4.47667e+04
4.35567e+03	-1.00000e+01	1.25524e+05	4.05208e+04
3.11119e+03	-1.00000e+01	1.31994e+05	3.76952e+04
2.22228e+03	-1.00000e+01	1.37920e+05	3.63281e+04
1.58734e+03	-1.00000e+01	1.43747e+05	3.63712e+04
1.13382e+03	-1.00000e+01	1.49696e+05	3.77267e+04
8.09869e+02	-1.00000e+01	1.56214e+05	4.03766e+04
5.78478e+02	-1.00000e+01	1.63538e+05	4.42837e+04
4.13199e+02	-1.00000e+01	1.71911e+05	4.93964e+04
2.95142e+02	-1.00000e+01	1.81752e+05	5.57206e+04
2.10816e+02	-1.00000e+01	1.93039e+05	6.30709e+04
1.50583e+02	-1.00000e+01	2.06130e+05	7.13780e+04
1.07559e+02	-1.00000e+01	2.21205e+05	8.05231e+04
7.68279e+01	-1.00000e+01	2.38328e+05	9.03984e+04
5.48770e+01	-1.00000e+01	2.57498e+05	1.01058e+05
3.91979e+01	-1.00000e+01	2.78480e+05	1.12688e+05
2.79985e+01	-1.00000e+01	3.01218e+05	1.25755e+05
1.99989e+01	-1.00000e+01	3.26553e+05	1.41081e+05
1.42850e+01	-1.00000e+01	3.54714e+05	1.58964e+05
1.02035e+01	-1.00000e+01	3.87028e+05	1.80271e+05
7.28824e+00	-1.00000e+01	4.23446e+05	2.04959e+05
5.20588e+00	-1.00000e+01	4.64664e+05	2.34020e+05
3.71849e+00	-1.00000e+01	5.11845e+05	2.67468e+05
2.65606e+00	-1.00000e+01	5.66709e+05	3.06847e+05
1.89719e+00	-1.00000e+01	6.28356e+05	3.53117e+05
1.35513e+00	-1.00000e+01	7.00808e+05	4.07507e+05
9.67953e-01	-1.00000e+01	7.83692e+05	4.76903e+05
6.91395e-01	-1.00000e+01	8.78870e+05	5.58500e+05
4.93854e-01	-1.00000e+01	9.87155e+05	6.53973e+05
3.52753e-01	-1.00000e+01	1.11606e+06	7.75751e+05
2.51966e-01	-1.00000e+01	1.26254e+06	9.24445e+05
1.79976e-01	-1.00000e+01	1.43005e+06	1.10735e+06
1.28554e-01	-1.00000e+01	1.62119e+06	1.33333e+06
1.00000e-01	-1.00000e+01	1.78389e+06	1.53973e+06
1.00000e+07	-5.00000e+00	-6.47546e+01	1.06595e+01
7.14286e+06	-5.00000e+00	-9.90471e+01	2.37474e+01
5.10204e+06	-5.00000e+00	-1.69939e+02	5.48776e+01
3.64432e+06	-5.00000e+00	-2.92278e+02	1.19377e+02
2.60308e+06	-5.00000e+00	-4.95028e+02	2.72552e+02
1.85934e+06	-5.00000e+00	-7.89920e+02	6.01001e+02
1.32810e+06	-5.00000e+00	-1.16866e+03	1.22206e+03
9.48645e+05	-5.00000e+00	-1.57209e+03	2.20319e+03
6.77604e+05	-5.00000e+00	-1.92977e+03	3.72054e+03
4.84003e+05	-5.00000e+00	-2.19117e+03	5.90765e+03
3.45716e+05	-5.00000e+00	-2.16305e+03	8.99953e+03
2.46940e+05	-5.00000e+00	-1.64233e+03	1.32396e+04
1.76386e+05	-5.00000e+00	-3.00019e+02	1.89621e+04
1.25990e+05	-5.00000e+00	2.45562e+03	2.62807e+04
8.99928e+04	-5.00000e+00	7.52795e+03	3.59419e+04
6.42805e+04	-5.00000e+00	1.63093e+04	4.65617e+04
4.59147e+04	-5.00000e+00	3.01585e+04	5.70380e+04
3.27962e+04	-5.00000e+00	4.84535e+04	6.40961e+04
2.34258e+04	-5.00000e+00	6.86039e+04	6.56413e+04
1.67328e+04	-5.00000e+00	8.68833e+04	6.24121e+04
1.19520e+04	-5.00000e+00	1.01904e+05	5.67192e+04
8.53712e+03	-5.00000e+00	1.13697e+05	5.06378e+04
6.09794e+03	-5.00000e+00	1.22994e+05	4.54126e+04
4.35567e+03	-5.00000e+00	1.30631e+05	4.14611e+04
3.11119e+03	-5.00000e+00	1.37247e+05	3.90253e+04
2.22228e+03	-5.00000e+00	1.43440e+05	3.80827e+04
1.58734e+03	-5.00000e+00	1.49665e+05	3.86110e+04
1.13382e+03	-5.00000e+00	1.56025e+05	4.04783e+04
8.09869e+02	-5.00000e+00	1.63083e+05	4.37056e+04
5.78478e+02	-5.00000e+00	1.71061e+05	4.82778e+04
4.13199e+02	-5.00000e+00	1.80219e+05	5.41651e+04
2.95142e+02	-5.00000e+00	1.90833e+05	6.13066e+04
2.10816e+02	-5.00000e+00	2.03444e+05	6.97624e+04
1.50583e+02	-5.00000e+00	2.17889e+05	7.92586e+04
1.07559e+02	-5.00000e+00	2.34572e+05	8.97445e+04
7.68279e+01	-5.00000e+00	2.53533e+05	1.01128e+05
5.48770e+01	-5.00000e+00	2.74757e+05	1.13526e+05
3.91979e+01	-5.00000e+00	2.98229e+05	1.27275e+05
2.79985e+01	-5.00000e+00	3.23768e+05	1.42787e+05
1.99989e+01	-5.00000e+00	3.52494e+05	1.61090e+05
1.42850e+01	-5.00000e+00	3.84926e+05	1.82438e+05
1.02035e+01	-5.00000e+00	4.22191e+05	2.07660e+05
7.28824e+00	-5.00000e+00	4.63903e+05	2.36634e+05
5.20588e+00	-5.00000e+00	5.11812e+05	2.70888e+05
3.71849e+00	-5.00000e+00	5.66816e+05	3.10964e+05
2.65606e+00	-5.00000e+00	6.29376e+05	3.58663e+05
1.89719e+00	-5.00000e+00	7.01268e+05	4.15868e+05
1.35513e+00	-5.00000e+00	7.83016e+05	4.84065e+05
9.67953e-01	-5.00000e+00	8.77747e+05	5.68707e+05
6.91395e-01	-5.00000e+00	9.90736e+05	6.76594e+05
4.93854e-01	-5.00000e+00	1.11830e+06	8.04882e+05
3.52753e-01	-5.00000e+00	1.26693e+06	9.64712e+05
2.51966e-01	-5.00000e+00	1.43984e+06	1.16384e+06
1.79976e-01	-5.00000e+00	1.63897e+06	1.41287e+06
1.28554e-01	-5.00000e+00	1.86842e+06	1.72312e+06
1.00000e-01	-5.00000e+00	2.06494e+06	2.00727e+06
1.00000e+07	0.00000e+00	-6.49546e+01	9.63138e+00
7.14286e+06	0.00000e+00	-9.99475e+01	2.16814e+01
5.10204e+06	0.00000e+00	-1.72532e+02	5.07776e+01
3.64432e+06	0.00000e+00	-2.99543e+02	1.11059e+02
2.60308e+06	0.00000e+00	-5.14800e+02	2.58275e+02
1.85934e+06	0.00000e+00	-8.41100e+02	5.83270e+02
1.32810e+06	0.00000e+00	-1.28636e+03	1.21984e+03
9.48645e+05	0.00000e+00	-1.78992e+03	2.26226e+03
6.77604e+05	0.00000e+00	-2.26775e+03	3.92895e+03
4.84003e+05	0.00000e+00	-2.64170e+03	6.37341e+03
3.45716e+05	0.00000e+00	-2.66507e+03	9.86656e+03
2.46940e+05	0.00000e+00	-2.06289e+03	1.46088e+04
1.76386e+05	0.00000e+00	-4.71886e+02	2.09219e+04
1.25990e+05	0.00000e+00	2.75016e+03	2.87966e+04
8.99928e+04	0.00000e+00	8.62561e+03	3.92362e+04
6.42805e+04	0.00000e+00	1.87447e+04	5.04856e+04
4.59147e+04	0.00000e+00	3.43193e+04	6.09927e+04
3.27962e+04	0.00000e+00	5.38210e+04	6.71589e+04
2.34258e+04	0.00000e+00	7.44592e+04	6.75338e+04
1.67328e+04	0.00000e+00	9.26532e+04	6.34838e+04
1.19520e+04	0.00000e+00	1.07250e+05	5.74705e+04
8.53712e+03	0.00000e+00	1.18727e+05	5.15628e+04
6.09794e+03	0.00000e+00	1.27986e+05	4.67021e+04
4.35567e+03	0.00000e+00	1.35779e+05	4.31861e+04
3.11119e+03	0.00000e+00	1.42684e+05	4.12418e+04
2.22228e+03	0.00000e+00	1.49267e+05	4.08509e+04
1.58734e+03	0.00000e+00	1.56021e+05	4.19254e+04
1.13382e+03	0.00000e+00	1.63016e+05	4.43864e+04
8.09869e+02	0.00000e+00	1.70813e+05	4.82989e+04
5.78478e+02	0.00000e+00	1.79660e+05	5.37005e+04
4.13199e+02	0.00000e+00	1.89841e+05	6.05797e+04
2.95142e+02	0.00000e+00	2.01686e+05	6.89036e+04
2.10816e+02	0.00000e+00	2.15773e+05	7.87624e+04
1.50583e+02	0.00000e+00	2.31969e+05	8.98694e+04
1.07559e+02	0.00000e+00	2.50737e+05	1.02221e+05
7.68279e+01	0.00000e+00	2.72119e+05	1.15785e+05
5.48770e+01	0.00000e+00	2.96233e+05	1.30714e+05
3.91979e+01	0.00000e+00	3.23090e+05	1.47551e+05
2.79985e+01	0.00000e+00	3.53041e+05	1.66769e+05
1.99989e+01	0.00000e+00	3.86400e+05	1.88981e+05
1.42850e+01	0.00000e+00	4.24634e+05	2.15255e+05
1.02035e+01	0.00000e+00	4.68695e+05	2.46304e+05
7.28824e+00	0.00000e+00	5.19050e+05	2.81949e+05
5.20588e+00	0.00000e+00	5.75218e+05	3.23609e+05
3.71849e+00	0.00000e+00	6.40552e+05	3.73909e+05
2.65606e+00	0.00000e+00	7.13850e+05	4.33411e+05
1.89719e+00	0.00000e+00	7.96846e+05	5.06360e+05
1.35513e+00	0.00000e+00	8.93938e+05	6.00107e+05
9.67953e-01	0.00000e+00	1.00541e+06	7.13094e+05
6.91395e-01	0.00000e+00	1.13381e+06	8.56205e+05
4.93854e-01	0.00000e+00	1.29263e+06	1.04204e+06
3.52753e-01	0.00000e+00	1.47153e+06	1.26882e+06
2.51966e-01	0.00000e+00	1.67379e+06	1.54879e+06
1.79976e-01	0.00000e+00	1.92175e+06	1.91846e+06
1.28554e-01	0.00000e+00	2.21231e+06	2.39150e+06
1.00000e-01	0.00000e+00	2.46728e+06	2.84599e+06
1.00000e+07	5.00000e+00	-6.53326e+01	8.50965e+00
7.14286e+06	5.00000e+00	-1.00837e+02	2.10422e+01
5.10204e+06	5.00000e+00	-1.74378e+02	4.75098e+01
3.64432e+06	5.00000e+00	-3.04723e+02	1.04156e+02
2.60308e+06	5.00000e+00	-5.31150e+02	2.44553e+02
1.85934e+06	5.00000e+00	-8.86864e+02	5.62741e+02
1.32810e+06	5.00000e+00	-1.39507e+03	1.20719e+03
9.48645e+05	5.00000e+00	-1.99585e+03	2.29793e+03
6.77604e+05	5.00000e+00	-2.61414e+03	4.10063e+03
4.84003e+05	5.00000e+00	-3.13981e+03	6.81275e+03
3.45716e+05	5.00000e+00	-3.25603e+03	1.07539e+04
2.46940e+05	5.00000e+00	-2.60941e+03	1.61557e+04
1.76386e+05	5.00000e+00	-7.27067e+02	2.33435e+04
1.25990e+05	5.00000e+00	3.17225e+03	3.22139e+04
8.99928e+04	5.00000e+00	1.02187e+04	4.36489e+04
6.42805e+04	5.00000e+00	2.19144e+04	5.52568e+04
4.59147e+04	5.00000e+00	3.92551e+04	6.54270e+04
3.27962e+04	5.00000e+00	6.03294e+04	7.05641e+04
2.34258e+04	5.00000e+00	8.16346e+04	6.95668e+04
1.67328e+04	5.00000e+00	9.95244e+04	6.46249e+04
1.19520e+04	5.00000e+00	1.13709e+05	5.84069e+04
8.53712e+03	5.00000e+00	1.24940e+05	5.27625e+04
6.09794e+03	5.00000e+00	1.34222e+05	4.84146e+04
4.35567e+03	5.00000e+00	1.42281e+05	4.55123e+04
3.11119e+03	5.00000e+00	1.49665e+05	4.41658e+04
2.22228e+03	5.00000e+00	1.56844e+05	4.44011e+04
1.58734e+03	5.00000e+00	1.64284e+05	4.62039e+04
1.13382e+03	5.00000e+00	1.72063e+05	4.95252e+04
8.09869e+02	5.00000e+00	1.80806e+05	5.44867e+04
5.78478e+02	5.00000e+00	1.90717e+05	6.11050e+04
4.13199e+02	5.00000e+00	2.02203e+05	6.94734e+04
2.95142e+02	5.00000e+00	2.15646e+05	7.96265e+04
2.10816e+02	5.00000e+00	2.31659e+05	9.16372e+04
1.50583e+02	5.00000e+00	2.50210e+05	1.05385e+05
1.07559e+02	5.00000e+00	2.71861e+05	1.20868e+05
7.68279e+01	5.00000e+00	2.96810e+05	1.38192e+05
5.48770e+01	5.00000e+00	3.25300e+05	1.57627e+05
3.91979e+01	5.00000e+00	3.57671e+05	1.79535e+05
2.79985e+01	5.00000e+00	3.94345e+05	2.04727e+05
1.99989e+01	5.00000e+00	4.35677e+05	2.33693e+05
1.42850e+01	5.00000e+00	4.83180e+05	2.67591e+05
1.02035e+01	5.00000e+00	5.37545e+05	3.07734e+05
7.28824e+00	5.00000e+00	6.00140e+05	3.54582e+05
5.20588e+00	5.00000e+00	6.70143e+05	4.10595e+05
3.71849e+00	5.00000e+00	7.49915e+05	4.80069e+05
2.65606e+00	5.00000e+00	8.39411e+05	5.63222e+05
1.89719e+00	5.00000e+00	9.41900e+05	6.68034e+05
1.35513e+00	5.00000e+00	1.05858e+06	8.02878e+05
9.67953e-01	5.00000e+00	1.20135e+06	9.78091e+05
6.91395e-01	5.00000e+00	1.36090e+06	1.18995e+06
4.93854e-01	5.00000e+00	1.54891e+06	1.45784e+06
3.52753e-01	5.00000e+00	1.78232e+06	1.80780e+06
2.51966e-01	5.00000e+00	2.05240e+06	2.25132e+06
1.79976e-01	5.00000e+00	2.36441e+06	2.81381e+06
1.28554e-01	5.00000e+00	2.71905e+06	3.52294e+06
1.00000e-01	5.00000e+00	3.03142e+06	4.19122e+06
1.00000e+07	1.00000e+01	-6.52427e+01	8.35001e+00
7.14286e+06	1.00000e+01	-1.01055e+02	2.05738e+01
5.10204e+06	1.00000e+01	-1.74968e+02	4.64813e+01
3.64432e+06	1.00000e+01	-3.06352e+02	1.02028e+02
2.60308e+06	1.00000e+01	-5.35960e+02	2.40232e+02
1.85934e+06	1.00000e+01	-9.00491e+02	5.56091e+02
1.32810e+06	1.00000e+01	-1.42690e+03	1.20147e+03
9.48645e+05	1.00000e+01	-2.06024e+03	2.30357e+03
6.77604e+05	1.00000e+01	-2.72403e+03	4.14422e+03
4.84003e+05	1.00000e+01	-3.30240e+03	6.93356e+03
3.45716e+05	1.00000e+01	-3.46474e+03	1.10068e+04
2.46940e+05	1.00000e+01	-2.82990e+03	1.66061e+04
1.76386e+05	1.00000e+01	-9.09051e+02	2.40557e+04
1.25990e+05	1.00000e+01	3.10752e+03	3.32376e+04
8.99928e+04	1.00000e+01	1.03725e+04	4.50791e+04
6.42805e+04	1.00000e+01	2.24507e+04	5.70865e+04
4.59147e+04	1.00000e+01	4.03317e+04	6.75959e+04
3.27962e+04	1.00000e+01	6.20194e+04	7.29418e+04
2.34258e+04	1.00000e+01	8.39045e+04	7.20458e+04
1.67328e+04	1.00000e+01	1.02322e+05	6.72093e+04
1.19520e+04	1.00000e+01	1.16980e+05	6.11836e+04
8.53712e+03	1.00000e+01	1.28757e+05	5.57811e+04
6.09794e+03	1.00000e+01	1.38636e+05	5.17087e+04
4.35567e+03	1.00000e+01	1.47328e+05	4.91382e+04
3.11119e+03	1.00000e+01	1.55391e+05	4.81897e+04
2.22228e+03	1.00000e+01	1.63309e+05	4.89123e+04
1.58734e+03	1.00000e+01	1.71544e+05	5.13251e+04
1.13382e+03	1.00000e+01	1.80204e+05	5.54094e+04
8.09869e+02	1.00000e+01	1.89957e+05	6.13398e+04
5.78478e+02	1.00000e+01	2.01029e+05	6.91547e+04
4.13199e+02	1.00000e+01	2.13914e+05	7.90595e+04
2.95142e+02	1.00000e+01	2.29022e+05	9.10627e+04
2.10816e+02	1.00000e+01	2.47132e+05	1.05402e+05
1.50583e+02	1.00000e+01	2.68225e+05	1.21963e+05
1.07559e+02	1.00000e+01	2.93027e+05	1.40811e+05
7.68279e+01	1.00000e+01	3.21952e+05	1.62051e+05
5.48770e+01	1.00000e+01	3.55426e+05	1.86099e+05
3.91979e+01	1.00000e+01	3.93838e+05	2.13326e+05
2.79985e+01	1.00000e+01	4.37682e+05	2.44452e+05
1.99989e+01	1.00000e+01	4.87461e+05	2.80102e+05
1.42850e+01	1.00000e+01	5.44395e+05	3.22305e+05
1.02035e+01	1.00000e+01	6.09508e+05	3.72329e+05
7.28824e+00	1.00000e+01	6.83798e+05	4.32493e+05
5.20588e+00	1.00000e+01	7.68612e+05	5.06574e+05
3.71849e+00	1.00000e+01	8.64467e+05	5.97219e+05
2.65606e+00	1.00000e+01	9.71940e+05	7.11750e+05
1.89719e+00	1.00000e+01	1.09809e+06	8.58623e+05
1.35513e+00	1.00000e+01	1.24074e+06	1.03886e+06
9.67953e-01	1.00000e+01	1.40946e+06	1.27285e+06
6.91395e-01	1.00000e+01	1.60767e+06	1.57510e+06
4.93854e-01	1.00000e+01	1.84346e+06	1.95688e+06
3.52753e-01	1.00000e+01	2.11916e+06	2.44255e+06
2.51966e-01	1.00000e+01	2.44255e+06	3.06214e+06
1.79976e-01	1.00000e+01	2.84706e+06	3.86879e+06
1.28554e-01	1.00000e+01	3.31040e+06	4.89428e+06
1.00000e-01	1.00000e+01	3.71467e+06	5.85349e+06
1.00000e+07	1.50000e+01	-6.54741e+01	8.17617e+00
7.14286e+06	1.50000e+01	-1.00956e+02	1.95743e+01
5.10204e+06	1.50000e+01	-1.75141e+02	4.64431e+01
3.64432e+06	1.50000e+01	-3.06587e+02	1.01958e+02
2.60308e+06	1.50000e+01	-5.36287e+02	2.40069e+02
1.85934e+06	1.50000e+01	-9.00937e+02	5.55800e+02
1.32810e+06	1.50000e+01	-1.42847e+03	1.20024e+03
9.48645e+05	1.50000e+01	-2.06304e+03	2.30305e+03
6.77604e+05	1.50000e+01	-2.72950e+03	4.14037e+03
4.84003e+05	1.50000e+01	-3.31566e+03	6.92642e+03
3.45716e+05	1.50000e+01	-3.49750e+03	1.09916e+04
2.46940e+05	1.50000e+01	-2.90873e+03	1.65826e+04
1.76386e+05	1.50000e+01	-1.08407e+03	2.40443e+04
1.25990e+05	1.50000e+01	2.76990e+03	3.32973e+04
8.99928e+04	1.50000e+01	9.77094e+03	4.53637e+04
6.42805e+04	1.50000e+01	2.15739e+04	5.78696e+04
4.59147e+04	1.50000e+01	3.93677e+04	6.92810e+04
3.27962e+04	1.50000e+01	6.14376e+04	7.57845e+04
2.34258e+04	1.50000e+01	8.42882e+04	7.59598e+04
1.67328e+04	1.50000e+01	1.03947e+05	7.18553e+04
1.19520e+04	1.50000e+01	1.19921e+05	6.61876e+04
8.53712e+03	1.50000e+01	1.32912e+05	6.10236e+04
6.09794e+03	1.50000e+01	1.43942e+05	5.71828e+04
4.35567e+03	1.50000e+01	1.53767e+05	5.48715e+04
3.11119e+03	1.50000e+01	1.62920e+05	5.42752e+04
2.22228e+03	1.50000e+01	1.71956e+05	5.54991e+04
1.58734e+03	1.50000e+01	1.81334e+05	5.85638e+04
1.13382e+03	1.50000e+01	1.91282e+05	6.35301e+04
8.09869e+02	1.50000e+01	2.02458e+05	7.06042e+04
5.78478e+02	1.50000e+01	2.15169e+05	7.98815e+04
4.13199e+02	1.50000e+01	2.29961e+05	9.15731e+04
2.95142e+02	1.50000e+01	2.47373e+05	1.05823e+05
2.10816e+02	1.50000e+01	2.68045e+05	1.22809e+05
1.50583e+02	1.50000e+01	2.92839e+05	1.42651e+05
1.07559e+02	1.50000e+01	3.21846e+05	1.65328e+05
7.68279e+01	1.50000e+01	3.55899e+05	1.91054e+05
5.48770e+01	1.50000e+01	3.95488e+05	2.20117e+05
3.91979e+01	1.50000e+01	4.41085e+05	2.52982e+05
2.79985e+01	1.50000e+01	4.93569e+05	2.91015e+05
1.99989e+01	1.50000e+01	5.53142e+05	3.34633e+05
1.42850e+01	1.50000e+01	6.20820e+05	3.86224e+05
1.02035e+01	1.50000e+01	6.97816e+05	4.48586e+05
7.28824e+00	1.50000e+01	7.86341e+05	5.24942e+05
5.20588e+00	1.50000e+01	8.87345e+05	6.21331e+05
3.71849e+00	1.50000e+01	1.00163e+06	7.41004e+05
2.65606e+00	1.50000e+01	1.12960e+06	8.89541e+05
1.89719e+00	1.50000e+01	1.28059e+06	1.07964e+06
1.35513e+00	1.50000e+01	1.45730e+06	1.33479e+06
9.67953e-01	1.50000e+01	1.66192e+06	1.65021e+06
6.91395e-01	1.50000e+01	1.90151e+06	2.05670e+06
4.93854e-01	1.50000e+01	2.19195e+06	2.58022e+06
3.52753e-01	1.50000e+01	2.53745e+06	3.24971e+06
2.51966e-01	1.50000e+01	2.92766e+06	4.08749e+06
1.79976e-01	1.50000e+01	3.39422e+06	5.17138e+06
1.28554e-01	1.50000e+01	3.94831e+06	6.56173e+06
1.00000e-01	1.50000e+01	4.43373e+06	7.85219e+06
1.00000e+07	2.00000e+01	-6.54517e+01	7.72283e+00
7.14286e+06	2.00000e+01	-1.01447e+02	1.96487e+01
5.10204e+06	2.00000e+01	-1.76026e+02	4.44463e+01
3.64432e+06	2.00000e+01	-3.09316e+02	9.77170e+01
2.60308e+06	2.00000e+01	-5.44723e+02	2.31532e+02
1.85934e+06	2.00000e+01	-9.25362e+02	5.41819e+02
1.32810e+06	2.00000e+01	-1.49004e+03	1.18659e+03
9.48645e+05	2.00000e+01	-2.18726e+03	2.30836e+03
6.77604e+05	2.00000e+01	-2.94741e+03	4.21479e+03
4.84003e+05	2.00000e+01	-3.64388e+03	7.14470e+03
3.45716e+05	2.00000e+01	-3.92377e+03	1.14679e+04
2.46940e+05	2.00000e+01	-3.37545e+03	1.74436e+04
1.76386e+05	2.00000e+01	-1.49794e+03	2.54299e+04
1.25990e+05	2.00000e+01	2.56014e+03	3.53114e+04
8.99928e+04	2.00000e+01	9.93657e+03	4.82311e+04
6.42805e+04	2.00000e+01	2.24296e+04	6.16237e+04
4.59147e+04	2.00000e+01	4.12985e+04	7.39182e+04
3.27962e+04	2.00000e+01	6.47438e+04	8.10344e+04
2.34258e+04	2.00000e+01	8.90517e+04	8.15010e+04
1.67328e+04	2.00000e+01	1.10013e+05	7.75089e+04
1.19520e+04	2.00000e+01	1.27168e+05	7.19707e+04
8.53712e+03	2.00000e+01	1.41297e+05	6.70240e+04
6.09794e+03	2.00000e+01	1.53503e+05	6.35015e+04
4.35567e+03	2.00000e+01	1.64520e+05	6.16254e+04
3.11119e+03	2.00000e+01	1.74935e+05	6.16117e+04
2.22228e+03	2.00000e+01	1.85318e+05	6.35701e+04
1.58734e+03	2.00000e+01	1.96203e+05	6.76057e+04
1.13382e+03	2.00000e+01	2.07785e+05	7.37406e+04
8.09869e+02	2.00000e+01	2.20818e+05	8.22576e+04
5.78478e+02	2.00000e+01	2.35717e+05	9.33246e+04
4.13199e+02	2.00000e+01	2.53050e+05	1.07086e+05
2.95142e+02	2.00000e+01	2.73485e+05	1.23829e+05
2.10816e+02	2.00000e+01	2.97771e+05	1.43684e+05
1.50583e+02	2.00000e+01	3.27012e+05	1.66971e+05
1.07559e+02	2.00000e+01	3.61173e+05	1.93476e+05
7.68279e+01	2.00000e+01	4.01164e+05	2.23332e+05
5.48770e+01	2.00000e+01	4.47816e+05	2.57291e+05
3.91979e+01	2.00000e+01	5.01297e+05	2.95662e+05
2.79985e+01	2.00000e+01	5.62955e+05	3.40450e+05
1.99989e+01	2.00000e+01	6.32446e+05	3.92326e+05
1.42850e+01	2.00000e+01	7.11057e+05	4.54014e+05
1.02035e+01	2.00000e+01	8.00836e+05	5.30740e+05
7.28824e+00	2.00000e+01	9.02839e+05	6.25349e+05
5.20588e+00	2.00000e+01	1.01766e+06	7.43319e+05
3.71849e+00	2.00000e+01	1.15149e+06	8.97268e+05
2.65606e+00	2.00000e+01	1.30181e+06	1.08734e+06
1.89719e+00	2.00000e+01	1.47082e+06	1.33407e+06
1.35513e+00	2.00000e+01	1.68020e+06	1.65653e+06
9.67953e-01	2.00000e+01	1.92836e+06	2.07393e+06
6.91395e-01	2.00000e+01	2.21524e+06	2.59795e+06
4.93854e-01	2.00000e+01	2.55146e+06	3.27635e+06
3.52753e-01	2.00000e+01	2.95131e+06	4.14504e+06
2.51966e-01	2.00000e+01	3.43646e+06	5.26504e+06
1.79976e-01	2.00000e+01	4.01487e+06	6.69400e+06
1.28554e-01	2.00000e+01	4.67169e+06	8.48888e+06
1.00000e-01	2.00000e+01	5.24522e+06	1.01417e+07
1.00000e+07	2.50000e+01	-6.56077e+01	7.83307e+00
7.14286e+06	2.50000e+01	-1.01515e+02	1.93219e+01
5.10204e+06	2.50000e+01	-1.76398e+02	4.37659e+01
3.64432e+06	2.50000e+01	-3.10431e+02	9.61324e+01
2.60308e+06	2.50000e+01	-5.48142e+02	2.28365e+02
1.85934e+06	2.50000e+01	-9.34689e+02	5.36487e+02
1.32810e+06	2.50000e+01	-1.51342e+03	1.18005e+03
9.48645e+05	2.50000e+01	-2.23459e+03	2.30872e+03
6.77604e+05	2.50000e+01	-3.03210e+03	4.23858e+03
4.84003e+05	2.50000e+01	-3.77855e+03	7.21614e+03
3.45716e+05	2.50000e+01	-4.11200e+03	1.16255e+04
2.46940e+05	2.50000e+01	-3.61914e+03	1.77328e+04
1.76386e+05	2.50000e+01	-1.81157e+03	2.59178e+04
1.25990e+05	2.50000e+01	2.15489e+03	3.60821e+04
8.99928e+04	2.50000e+01	9.36941e+03	4.95106e+04
6.42805e+04	2.50000e+01	2.17694e+04	6.37220e+04
4.59147e+04	2.50000e+01	4.08095e+04	7.72962e+04
3.27962e+04	2.50000e+01	6.50282e+04	8.59898e+04
2.34258e+04	2.50000e+01	9.08896e+04	8.79250e+04
1.67328e+04	2.50000e+01	1.13730e+05	8.49173e+04
1.19520e+04	2.50000e+01	1.32869e+05	8.00006e+04
8.53712e+03	2.50000e+01	1.48908e+05	7.55051e+04
6.09794e+03	2.50000e+01	1.62972e+05	7.24135e+04
4.35567e+03	2.50000e+01	1.75835e+05	7.10419e+04
3.11119e+03	2.50000e+01	1.88112e+05	7.16277e+04
2.22228e+03	2.50000e+01	2.00392e+05	7.43697e+04
1.58734e+03	2.50000e+01	2.13305e+05	7.94100e+04
1.13382e+03	2.50000e+01	2.27290e+05	8.69027e+04
8.09869e+02	2.50000e+01	2.42638e+05	9.69365e+04
5.78478e+02	2.50000e+01	2.60374e+05	1.09892e+05
4.13199e+02	2.50000e+01	2.80966e+05	1.25917e+05
2.95142e+02	2.50000e+01	3.05214e+05	1.45275e+05
2.10816e+02	2.50000e+01	3.33928e+05	1.68070e+05
1.50583e+02	2.50000e+01	3.68369e+05	1.94705e+05
1.07559e+02	2.50000e+01	4.08405e+05	2.24885e+05
7.68279e+01	2.50000e+01	4.55157e+05	2.59081e+05
5.48770e+01	2.50000e+01	5.09423e+05	2.97882e+05
3.91979e+01	2.50000e+01	5.71248e+05	3.42011e+05
2.79985e+01	2.50000e+01	6.41423e+05	3.92942e+05
1.99989e+01	2.50000e+01	7.21949e+05	4.54559e+05
1.42850e+01	2.50000e+01	8.11798e+05	5.27992e+05
1.02035e+01	2.50000e+01	9.14710e+05	6.20560e+05
7.28824e+00	2.50000e+01	1.02991e+06	7.36065e+05
5.20588e+00	2.50000e+01	1.16079e+06	8.79604e+05
3.71849e+00	2.50000e+01	1.31155e+06	1.07038e+06
2.65606e+00	2.50000e+01	1.48631e+06	1.31121e+06
1.89719e+00	2.50000e+01	1.68399e+06	1.61835e+06
1.35513e+00	2.50000e+01	1.91890e+06	2.01846e+06
9.67953e-01	2.50000e+01	2.19148e+06	2.52662e+06
6.91395e-01	2.50000e+01	2.53611e+06	3.20025e+06
4.93854e-01	2.50000e+01	2.92593e+06	4.04700e+06
3.52753e-01	2.50000e+01	3.39053e+06	5.14507e+06
2.51966e-01	2.50000e+01	3.94689e+06	6.55482e+06
1.79976e-01	2.50000e+01	4.61339e+06	8.35722e+06
1.28554e-01	2.50000e+01	5.40399e+06	1.06362e+07
1.00000e-01	2.50000e+01	6.07463e+06	1.26464e+07
1.00000e+07	3.00000e+01	-6.56812e+01	7.59353e+00
7.14286e+06	3.00000e+01	-1.01636e+02	1.89442e+01
5.10204e+06	3.00000e+01	-1.76719e+02	4.31367e+01
3.64432e+06	3.00000e+01	-3.11341e+02	9.47174e+01
2.60308e+06	3.00000e+01	-5.50925e+02	2.25531e+02
1.85934e+06	3.00000e+01	-9.42526e+02	5.31859e+02
1.32810e+06	3.00000e+01	-1.52905e+03	1.17616e+03
9.48645e+05	3.00000e+01	-2.26503e+03	2.31047e+03
6.77604e+05	3.00000e+01	-3.08853e+03	4.25758e+03
4.84003e+05	3.00000e+01	-3.88312e+03	7.28672e+03
3.45716e+05	3.00000e+01	-4.27902e+03	1.18107e+04
2.46940e+05	3.00000e+01	-3.80270e+03	1.80556e+04
1.76386e+05	3.00000e+01	-1.99096e+03	2.64114e+04
1.25990e+05	3.00000e+01	1.97517e+03	3.66828e+04
8.99928e+04	3.00000e+01	9.10552e+03	5.03472e+04
6.42805e+04	3.00000e+01	2.15432e+04	6.52115e+04
4.59147e+04	3.00000e+01	4.06620e+04	7.96082e+04
3.27962e+04	3.00000e+01	6.52672e+04	8.94105e+04
2.34258e+04	3.00000e+01	9.20534e+04	9.26004e+04
1.67328e+04	3.00000e+01	1.15839e+05	9.07980e+04
1.19520e+04	3.00000e+01	1.36295e+05	8.70644e+04
8.53712e+03	3.00000e+01	1.53842e+05	8.37029e+04
6.09794e+03	3.00000e+01	1.69824e+05	8.15630e+04
4.35567e+03	3.00000e+01	1.84590e+05	8.12561e+04
3.11119e+03	3.00000e+01	1.98900e+05	8.30446e+04
2.22228e+03	3.00000e+01	2.13572e+05	8.69921e+04
1.58734e+03	3.00000e+01	2.29035e+05	9.34929e+04
1.13382e+03	3.00000e+01	2.45794e+05	1.02815e+05
8.09869e+02	3.00000e+01	2.64276e+05	1.14892e+05
5.78478e+02	3.00000e+01	2.85609e+05	1.30288e+05
4.13199e+02	3.00000e+01	3.10357e+05	1.49155e+05
2.95142e+02	3.00000e+01	3.39363e+05	1.71737e+05
2.10816e+02	3.00000e+01	3.73613e+05	1.98267e+05
1.50583e+02	3.00000e+01	4.13934e+05	2.28903e+05
1.07559e+02	3.00000e+01	4.61861e+05	2.64157e+05
7.68279e+01	3.00000e+01	5.16618e+05	3.03769e+05
5.48770e+01	3.00000e+01	5.79556e+05	3.48964e+05
3.91979e+01	3.00000e+01	6.51455e+05	4.01243e+05
2.79985e+01	3.00000e+01	7.31906e+05	4.62559e+05
1.99989e+01	3.00000e+01	8.22190e+05	5.36291e+05
1.42850e+01	3.00000e+01	9.25331e+05	6.29052e+05
1.02035e+01	3.00000e+01	1.04083e+06	7.45026e+05
7.28824e+00	3.00000e+01	1.17042e+06	8.92485e+05
5.20588e+00	3.00000e+01	1.31877e+06	1.08419e+06
3.71849e+00	3.00000e+01	1.48957e+06	1.33071e+06
2.65606e+00	3.00000e+01	1.67761e+06	1.64238e+06
1.89719e+00	3.00000e+01	1.91213e+06	2.06035e+06
1.35513e+00	3.00000e+01	2.17825e+06	2.59588e+06
9.67953e-01	3.00000e+01	2.49579e+06	3.29161e+06
6.91395e-01	3.00000e+01	2.88348e+06	4.19796e+06
4.93854e-01	3.00000e+01	3.34774e+06	5.37801e+06
3.52753e-01	3.00000e+01	3.90458e+06	6.90379e+06
2.51966e-01	3.00000e+01	4.60056e+06	8.87014e+06
1.79976e-01	3.00000e+01	5.40834e+06	1.13801e+07
1.28554e-01	3.00000e+01	6.39799e+06	1.46249e+07
1.00000e-01	3.00000e+01	7.26652e+06	1.76009e+07
1.00000e+07	3.50000e+01	-6.56495e+01	7.07006e+00
7.14286e+06	3.50000e+01	-1.01747e+02	1.81816e+01
5.10204e+06	3.50000e+01	-1.77286e+02	4.13985e+01
3.64432e+06	3.50000e+01	-3.13190e+02	9.10828e+01
2.60308e+06	3.50000e+01	-5.57359e+02	2.17984e+02
1.85934e+06	3.50000e+01	-9.61930e+02	5.18741e+02
1.32810e+06	3.50000e+01	-1.58467e+03	1.15968e+03
9.48645e+05	3.50000e+01	-2.38321e+03	2.31062e+03
6.77604e+05	3.50000e+01	-3.29533e+03	4.32485e+03
4.84003e+05	3.50000e+01	-4.17215e+03	7.48868e+03
3.45716e+05	3.50000e+01	-4.58605e+03	1.22151e+04
2.46940e+05	3.50000e+01	-4.05670e+03	1.87577e+04
1.76386e+05	3.50000e+01	-2.04696e+03	2.73729e+04
1.25990e+05	3.50000e+01	2.23002e+03	3.78231e+04
8.99928e+04	3.50000e+01	9.81453e+03	5.17397e+04
6.42805e+04	3.50000e+01	2.25535e+04	6.63663e+04
4.59147e+04	3.50000e+01	4.17851e+04	8.05261e+04
3.27962e+04	3.50000e+01	6.61809e+04	9.03175e+04
2.34258e+04	3.50000e+01	9.24214e+04	9.40243e+04
1.67328e+04	3.50000e+01	1.16269e+05	9.33480e+04
1.19520e+04	3.50000e+01	1.37230e+05	9.10234e+04
8.53712e+03	3.50000e+01	1.55646e+05	8.92606e+04
6.09794e+03	3.50000e+01	1.72672e+05	8.90113e+04
4.35567e+03	3.50000e+01	1.89256e+05	9.03614e+04
3.11119e+03	3.50000e+01	2.05847e+05	9.36278e+04
2.22228e+03	3.50000e+01	2.22844e+05	9.92342e+04
1.58734e+03	3.50000e+01	2.40871e+05	1.07483e+05
1.13382e+03	3.50000e+01	2.60575e+05	1.18541e+05
8.09869e+02	3.50000e+01	2.82268e+05	1.32512e+05
5.78478e+02	3.50000e+01	3.07126e+05	1.50018e+05
4.13199e+02	3.50000e+01	3.35719e+05	1.71404e+05
2.95142e+02	3.50000e+01	3.68986e+05	1.96999e+05
2.10816e+02	3.50000e+01	4.07808e+05	2.27208e+05
1.50583e+02	3.50000e+01	4.53325e+05	2.62381e+05
1.07559e+02	3.50000e+01	5.07114e+05	3.03274e+05
7.68279e+01	3.50000e+01	5.68636e+05	3.49940e+05
5.48770e+01	3.50000e+01	6.39249e+05	4.03705e+05
3.91979e+01	3.50000e+01	7.19968e+05	4.66441e+05
2.79985e+01	3.50000e+01	8.10514e+05	5.40758e+05
1.99989e+01	3.50000e+01	9.12127e+05	6.30890e+05
1.42850e+01	3.50000e+01	1.02787e+06	7.44582e+05
1.02035e+01	3.50000e+01	1.15761e+06	8.87404e+05
7.28824e+00	3.50000e+01	1.30256e+06	1.06827e+06
5.20588e+00	3.50000e+01	1.47111e+06	1.30396e+06
3.71849e+00	3.50000e+01	1.66152e+06	1.60562e+06
2.65606e+00	3.50000e+01	1.88432e+06	1.99003e+06
1.89719e+00	3.50000e+01	2.13278e+06	2.50011e+06
1.35513e+00	3.50000e+01	2.44096e+06	3.15034e+06
9.67953e-01	3.50000e+01	2.82049e+06	4.02147e+06
6.91395e-01	3.50000e+01	3.25247e+06	5.12536e+06
4.93854e-01	3.50000e+01	3.78284e+06	6.57140e+06
3.52753e-01	3.50000e+01	4.43561e+06	8.45088e+06
2.51966e-01	3.50000e+01	5.23123e+06	1.07191e+07
1.79976e-01	3.50000e+01	6.18801e+06	1.37033e+07
1.28554e-01	3.50000e+01	7.28330e+06	1.73105e+07
1.00000e-01	3.50000e+01	8.24230e+06	2.06314e+07
1.00000e+07	4.00000e+01	-6.55967e+01	6.82819e+00
7.14286e+06	4.00000e+01	-1.01976e+02	1.74771e+01
5.10204e+06	4.00000e+01	-1.78012e+02	3.97325e+01
3.64432e+06	4.00000e+01	-3.15446e+02	8.74281e+01
2.60308e+06	4.00000e+01	-5.64208e+02	2.10504e+02
1.85934e+06	4.00000e+01	-9.82867e+02	5.05373e+02
1.32810e+06	4.00000e+01	-1.63857e+03	1.14388e+03
9.48645e+05	4.00000e+01	-2.49894e+03	2.31135e+03
6.77604e+05	4.00000e+01	-3.50706e+03	4.39702e+03
4.84003e+05	4.00000e+01	-4.49324e+03	7.73003e+03
3.45716e+05	4.00000e+01	-4.96725e+03	1.27822e+04
2.46940e+05	4.00000e+01	-4.32635e+03	1.98023e+04
1.76386e+05	4.00000e+01	-1.90818e+03	2.90496e+04
1.25990e+05	4.00000e+01	3.21746e+03	4.00925e+04
8.99928e+04	4.00000e+01	1.21779e+04	5.41505e+04
6.42805e+04	4.00000e+01	2.64384e+04	6.78733e+04
4.59147e+04	4.00000e+01	4.66766e+04	7.99750e+04
3.27962e+04	4.00000e+01	7.04268e+04	8.70552e+04
2.34258e+04	4.00000e+01	9.44330e+04	8.87796e+04
1.67328e+04	4.00000e+01	1.15452e+05	8.76860e+04
1.19520e+04	4.00000e+01	1.33938e+05	8.61356e+04
8.53712e+03	4.00000e+01	1.50815e+05	8.58216e+04
6.09794e+03	4.00000e+01	1.67122e+05	8.71914e+04
4.35567e+03	4.00000e+01	1.83493e+05	9.02880e+04
3.11119e+03	4.00000e+01	2.00342e+05	9.52394e+04
2.22228e+03	4.00000e+01	2.18113e+05	1.02221e+05
1.58734e+03	4.00000e+01	2.37323e+05	1.11463e+05
1.13382e+03	4.00000e+01	2.58302e+05	1.23317e+05
8.09869e+02	4.00000e+01	2.81314e+05	1.37886e+05
5.78478e+02	4.00000e+01	3.07464e+05	1.55857e+05
4.13199e+02	4.00000e+01	3.37262e+05	1.77618e+05
2.95142e+02	4.00000e+01	3.71603e+05	2.03615e+05
2.10816e+02	4.00000e+01	4.11441e+05	2.34424e+05
1.50583e+02	4.00000e+01	4.57760e+05	2.70312e+05
1.07559e+02	4.00000e+01	5.12239e+05	3.12271e+05
7.68279e+01	4.00000e+01	5.74496e+05	3.60419e+05
5.48770e+01	4.00000e+01	6.45873e+05	4.15949e+05
3.91979e+01	4.00000e+01	7.27063e+05	4.80665e+05
2.79985e+01	4.00000e+01	8.19194e+05	5.57267e+05
1.99989e+01	4.00000e+01	9.22442e+05	6.49726e+05
1.42850e+01	4.00000e+01	1.03933e+06	7.63089e+05
1.02035e+01	4.00000e+01	1.17026e+06	9.04206e+05
7.28824e+00	4.00000e+01	1.31817e+06	1.08297e+06
5.20588e+00	4.00000e+01	1.48562e+06	1.30818e+06
3.71849e+00	4.00000e+01	1.67643e+06	1.59737e+06
2.65606e+00	4.00000e+01	1.89946e+06	1.96278e+06
1.89719e+00	4.00000e+01	2.15997e+06	2.44545e+06
1.35513e+00	4.00000e+01	2.45601e+06	3.06401e+06
9.67953e-01	4.00000e+01	2.82129e+06	3.87510e+06
6.91395e-01	4.00000e+01	3.24398e+06	4.91820e+06
4.93854e-01	4.00000e+01	3.74536e+06	6.28048e+06
3.52753e-01	4.00000e+01	4.35712e+06	8.04281e+06
2.51966e-01	4.00000e+01	5.10401e+06	1.03314e+07
1.79976e-01	4.00000e+01	6.01580e+06	1.32834e+07
1.28554e-01	4.00000e+01	7.10458e+06	1.69995e+07
1.00000e-01	4.00000e+01	8.04460e+06	2.04195e+07
1.00000e+07	4.50000e+01	-6.58208e+01	6.47834e+00
7.14286e+06	4.50000e+01	-1.02225e+02	1.70744e+01
5.10204e+06	4.50000e+01	-1.78445e+02	3.90426e+01
3.64432e+06	4.50000e+01	-3.16505e+02	8.58754e+01
2.60308e+06	4.50000e+01	-5.67274e+02	2.07114e+02
1.85934e+06	4.50000e+01	-9.91337e+02	4.99499e+02
1.32810e+06	4.50000e+01	-1.66202e+03	1.13663e+03
9.48645e+05	4.50000e+01	-2.54861e+03	2.30916e+03
6.77604e+05	4.50000e+01	-3.59940e+03	4.42052e+03
4.84003e+05	4.50000e+01	-4.63811e+03	7.81500e+03
3.45716e+05	4.50000e+01	-5.15590e+03	1.29886e+04
2.46940e+05	4.50000e+01	-4.51441e+03	2.01907e+04
1.76386e+05	4.50000e+01	-2.02776e+03	2.96669e+04
1.25990e+05	4.50000e+01	3.25800e+03	4.09501e+04
8.99928e+04	4.50000e+01	1.24964e+04	5.52883e+04
6.42805e+04	4.50000e+01	2.71450e+04	6.91997e+04
4.59147e+04	4.50000e+01	4.78720e+04	8.13387e+04
3.27962e+04	4.50000e+01	7.20367e+04	8.82628e+04
2.34258e+04	4.50000e+01	9.62758e+04	8.97359e+04
1.67328e+04	4.50000e+01	1.17341e+05	8.84482e+04
1.19520e+04	4.50000e+01	1.35738e+05	8.69788e+04
8.53712e+03	4.50000e+01	1.52557e+05	8.69022e+04
6.09794e+03	4.50000e+01	1.68914e+05	8.87313e+04
4.35567e+03	4.50000e+01	1.85485e+05	9.24386e+04
3.11119e+03	4.50000e+01	2.02733e+05	9.81678e+04
2.22228e+03	4.50000e+01	2.21109e+05	1.06022e+05
1.58734e+03	4.50000e+01	2.41148e+05	1.16210e+05
1.13382e+03	4.50000e+01	2.63284e+05	1.29052e+05
8.09869e+02	4.50000e+01	2.87872e+05	1.44774e+05
5.78478e+02	4.50000e+01	3.15439e+05	1.63752e+05
4.13199e+02	4.50000e+01	3.47146e+05	1.86635e+05
2.95142e+02	4.50000e+01	3.83635e+05	2.13707e+05
2.10816e+02	4.50000e+01	4.25887e+05	2.45555e+05
1.50583e+02	4.50000e+01	4.74732e+05	2.82368e+05
1.07559e+02	4.50000e+01	5.31031e+05	3.24765e+05
7.68279e+01	4.50000e+01	5.96045e+05	3.73513e+05
5.48770e+01	4.50000e+01	6.68984e+05	4.30015e+05
3.91979e+01	4.50000e+01	7.50836e+05	4.95816e+05
2.79985e+01	4.50000e+01	8.42808e+05	5.73938e+05
1.99989e+01	4.50000e+01	9.45238e+05	6.69601e+05
1.42850e+01	4.50000e+01	1.06084e+06	7.86512e+05
1.02035e+01	4.50000e+01	1.19060e+06	9.32843e+05
7.28824e+00	4.50000e+01	1.33608e+06	1.11876e+06
5.20588e+00	4.50000e+01	1.50153e+06	1.35335e+06
3.71849e+00	4.50000e+01	1.69288e+06	1.65400e+06
2.65606e+00	4.50000e+01	1.91110e+06	2.04009e+06
1.89719e+00	4.50000e+01	2.16550e+06	2.54320e+06
1.35513e+00	4.50000e+01	2.46953e+06	3.19579e+06
9.67953e-01	4.50000e+01	2.83067e+06	4.05438e+06
6.91395e-01	4.50000e+01	3.25699e+06	5.16660e+06
4.93854e-01	4.50000e+01	3.77547e+06	6.63112e+06
3.52753e-01	4.50000e+01	4.40365e+06	8.55193e+06
2.51966e-01	4.50000e+01	5.17351e+06	1.10675e+07
1.79976e-01	4.50000e+01	6.12608e+06	1.43569e+07
1.28554e-01	4.50000e+01	7.31116e+06	1.86578e+07
1.00000e-01	4.50000e+01	8.38271e+06	2.26893e+07
1.00000e+07	5.00000e+01	-6.59528e+01	6.22855e+00
7.14286e+06	5.00000e+01	-1.02357e+02	1.69130e+01
5.10204e+06	5.00000e+01	-1.78710e+02	3.86468e+01
3.64432e+06	5.00000e+01	-3.16942e+02	8.50348e+01
2.60308e+06	5.00000e+01	-5.68751e+02	2.05062e+02
1.85934e+06	5.00000e+01	-9.95806e+02	4.94865e+02
1.32810e+06	5.00000e+01	-1.67439e+03	1.12797e+03
9.48645e+05	5.00000e+01	-2.57814e+03	2.29638e+03
6.77604e+05	5.00000e+01	-3.66429e+03	4.40650e+03
4.84003e+05	5.00000e+01	-4.76627e+03	7.81078e+03
3.45716e+05	5.00000e+01	-5.39073e+03	1.30131e+04
2.46940e+05	5.00000e+01	-4.94003e+03	2.02903e+04
1.76386e+05	5.00000e+01	-2.79553e+03	2.99571e+04
1.25990e+05	5.00000e+01	1.96824e+03	4.17000e+04
8.99928e+04	5.00000e+01	1.04129e+04	5.71292e+04
6.42805e+04	5.00000e+01	2.44757e+04	7.31124e+04
4.59147e+04	5.00000e+01	4.56158e+04	8.85552e+04
3.27962e+04	5.00000e+01	7.21108e+04	9.91302e+04
2.34258e+04	5.00000e+01	1.00509e+05	1.03285e+05
1.67328e+04	5.00000e+01	1.26163e+05	1.03004e+05
1.19520e+04	5.00000e+01	1.48825e+05	1.01336e+05
8.53712e+03	5.00000e+01	1.69246e+05	1.00560e+05
6.09794e+03	5.00000e+01	1.88650e+05	1.01533e+05
4.35567e+03	5.00000e+01	2.07810e+05	1.04438e+05
3.11119e+03	5.00000e+01	2.27268e+05	1.09505e+05
2.22228e+03	5.00000e+01	2.47577e+05	1.17001e+05
1.58734e+03	5.00000e+01	2.69404e+05	1.27227e+05
1.13382e+03	5.00000e+01	2.93197e+05	1.40587e+05
8.09869e+02	5.00000e+01	3.19550e+05	1.57372e+05
5.78478e+02	5.00000e+01	3.49037e+05	1.78008e+05
4.13199e+02	5.00000e+01	3.83067e+05	2.03213e+05
2.95142e+02	5.00000e+01	4.22424e+05	2.33246e+05
2.10816e+02	5.00000e+01	4.68170e+05	2.68903e+05
1.50583e+02	5.00000e+01	5.21162e+05	3.10121e+05
1.07559e+02	5.00000e+01	5.82395e+05	3.57820e+05
7.68279e+01	5.00000e+01	6.53125e+05	4.13126e+05
5.48770e+01	5.00000e+01	7.32445e+05	4.77658e+05
3.91979e+01	5.00000e+01	8.21667e+05	5.52970e+05
2.79985e+01	5.00000e+01	9.21963e+05	6.43505e+05
1.99989e+01	5.00000e+01	1.03377e+06	7.54493e+05
1.42850e+01	5.00000e+01	1.16071e+06	8.90869e+05
1.02035e+01	5.00000e+01	1.30322e+06	1.06210e+06
7.28824e+00	5.00000e+01	1.46518e+06	1.27875e+06
5.20588e+00	5.00000e+01	1.64973e+06	1.55423e+06
3.71849e+00	5.00000e+01	1.86056e+06	1.90598e+06
2.65606e+00	5.00000e+01	2.10404e+06	2.35870e+06
1.89719e+00	5.00000e+01	2.38617e+06	2.95275e+06
1.35513e+00	5.00000e+01	2.71769e+06	3.71658e+06
9.67953e-01	5.00000e+01	3.12874e+06	4.71877e+06
6.91395e-01	5.00000e+01	3.61246e+06	6.04714e+06
4.93854e-01	5.00000e+01	4.21610e+06	7.79733e+06
3.52753e-01	5.00000e+01	4.94685e+06	1.00908e+07
2.51966e-01	5.00000e+01	5.86540e+06	1.31194e+07
1.79976e-01	5.00000e+01	7.02581e+06	1.71139e+07
1.28554e-01	5.00000e+01	8.49823e+06	2.23729e+07
1.00000e-01	5.00000e+01	9.86702e+06	2.73506e+07
1.00000e+07	5.50000e+01	-6.59697e+01	6.39978e+00
7.14286e+06	5.50000e+01	-1.02317e+02	1.70849e+01
5.10204e+06	5.50000e+01	-1.78456e+02	3.90273e+01
3.64432e+06	5.50000e+01	-3.16336e+02	8.58611e+01
2.60308e+06	5.50000e+01	-5.66552e+02	2.06731e+02
1.85934e+06	5.50000e+01	-9.90153e+02	4.97346e+02
1.32810e+06	5.50000e+01	-1.65989e+03	1.12908e+03
9.48645e+05	5.50000e+01	-2.54883e+03	2.28791e+03
6.77604e+05	5.50000e+01	-3.61406e+03	4.36598e+03
4.84003e+05	5.50000e+01	-4.71169e+03	7.69644e+03
3.45716e+05	5.50000e+01	-5.40046e+03	1.27676e+04
2.46940e+05	5.50000e+01	-5.16985e+03	1.98749e+04
1.76386e+05	5.50000e+01	-3.53305e+03	2.94262e+04
1.25990e+05	5.50000e+01	3.29545e+02	4.13363e+04
8.99928e+04	5.50000e+01	7.26883e+03	5.76059e+04
6.42805e+04	5.50000e+01	1.96630e+04	7.58739e+04
4.59147e+04	5.50000e+01	3.99138e+04	9.57598e+04
3.27962e+04	5.50000e+01	6.81898e+04	1.12341e+05
2.34258e+04	5.50000e+01	1.01836e+05	1.21930e+05
1.67328e+04	5.50000e+01	1.34569e+05	1.24527e+05
1.19520e+04	5.50000e+01	1.64246e+05	1.23254e+05
8.53712e+03	5.50000e+01	1.90874e+05	1.21424e+05
6.09794e+03	5.50000e+01	2.15415e+05	1.20635e+05
4.35567e+03	5.50000e+01	2.38762e+05	1.21541e+05
3.11119e+03	5.50000e+01	2.61490e+05	1.24646e+05
2.22228e+03	5.50000e+01	2.84342e+05	1.30473e+05
1.58734e+03	5.50000e+01	3.08132e+05	1.39577e+05
1.13382e+03	5.50000e+01	3.33509e+05	1.52412e+05
8.09869e+02	5.50000e+01	3.61170e+05	1.69418e+05
5.78478e+02	5.50000e+01	3.91878e+05	1.91077e+05
4.13199e+02	5.50000e+01	4.27337e+05	2.18385e+05
2.95142e+02	5.50000e+01	4.68422e+05	2.51678e+05
2.10816e+02	5.50000e+01	5.16433e+05	2.91681e+05
1.50583e+02	5.50000e+01	5.72483e+05	3.38931e+05
1.07559e+02	5.50000e+01	6.37646e+05	3.94265e+05
7.68279e+01	5.50000e+01	7.13468e+05	4.58961e+05
5.48770e+01	5.50000e+01	7.99304e+05	5.35150e+05
3.91979e+01	5.50000e+01	8.97218e+05	6.26012e+05
2.79985e+01	5.50000e+01	1.00764e+06	7.35871e+05
1.99989e+01	5.50000e+01	1.13373e+06	8.68286e+05
1.42850e+01	5.50000e+01	1.27520e+06	1.03431e+06
1.02035e+01	5.50000e+01	1.43667e+06	1.23961e+06
7.28824e+00	5.50000e+01	1.62205e+06	1.50165e+06
5.20588e+00	5.50000e+01	1.83352e+06	1.83540e+06
3.71849e+00	5.50000e+01	2.08055e+06	2.25947e+06
2.65606e+00	5.50000e+01	2.36572e+06	2.80757e+06
1.89719e+00	5.50000e+01	2.70386e+06	3.51325e+06
1.35513e+00	5.50000e+01	3.10437e+06	4.43704e+06
9.67953e-01	5.50000e+01	3.58624e+06	5.63943e+06
6.91395e-01	5.50000e+01	4.17927e+06	7.21623e+06
4.93854e-01	5.50000e+01	4.90827e+06	9.29372e+06
3.52753e-01	5.50000e+01	5.81219e+06	1.20229e+07
2.51966e-01	5.50000e+01	6.97899e+06	1.56324e+07
1.79976e-01	5.50000e+01	8.41689e+06	2.03247e+07
1.28554e-01	5.50000e+01	1.02583e+07	2.64988e+07
1.00000e-01	5.50000e+01	1.19674e+07	3.23437e+07
1.00000e+07	6.00000e+01	-6.60137e+01	5.82798e+00
7.14286e+06	6.00000e+01	-1.02507e+02	1.65873e+01
5.10204e+06	6.00000e+01	-1.78895e+02	3.79022e+01
3.64432e+06	6.00000e+01	-3.17518e+02	8.32025e+01
2.60308e+06	6.00000e+01	-5.70687e+02	2.00848e+02
1.85934e+06	6.00000e+01	-1.00274e+03	4.85574e+02
1.32810e+06	6.00000e+01	-1.69531e+03	1.10879e+03
9.48645e+05	6.00000e+01	-2.63225e+03	2.26459e+03
6.77604e+05	6.00000e+01	-3.78632e+03	4.36269e+03
4.84003e+05	6.00000e+01	-5.02302e+03	7.75967e+03
3.45716e+05	6.00000e+01	-5.91225e+03	1.29916e+04
2.46940e+05	6.00000e+01	-5.94077e+03	2.04000e+04
1.76386e+05	6.00000e+01	-4.66368e+03	3.04597e+04
1.25990e+05	6.00000e+01	-1.26227e+03	4.32071e+04
8.99928e+04	6.00000e+01	4.93560e+03	6.10529e+04
6.42805e+04	6.00000e+01	1.67720e+04	8.19777e+04
4.59147e+04	6.00000e+01	3.73544e+04	1.06237e+05
3.27962e+04	6.00000e+01	6.82517e+04	1.28380e+05
2.34258e+04	6.00000e+01	1.07624e+05	1.43034e+05
1.67328e+04	6.00000e+01	1.47739e+05	1.48182e+05
1.19520e+04	6.00000e+01	1.84834e+05	1.47300e+05
8.53712e+03	6.00000e+01	2.17920e+05	1.44408e+05
6.09794e+03	6.00000e+01	2.47913e+05	1.42037e+05
4.35567e+03	6.00000e+01	2.75784e+05	1.41166e+05
3.11119e+03	6.00000e+01	3.02259e+05	1.42675e+05
2.22228e+03	6.00000e+01	3.28205e+05	1.47265e+05
1.58734e+03	6.00000e+01	3.54727e+05	1.55685e+05
1.13382e+03	6.00000e+01	3.82623e+05	1.68468e+05
8.09869e+02	6.00000e+01	4.12704e+05	1.86058e+05
5.78478e+02	6.00000e+01	4.46206e+05	2.09232e+05
4.13199e+02	6.00000e+01	4.83936e+05	2.38369e+05
2.95142e+02	6.00000e+01	5.27911e+05	2.74661e+05
2.10816e+02	6.00000e+01	5.79225e+05	3.19154e+05
1.50583e+02	6.00000e+01	6.38899e+05	3.71875e+05
1.07559e+02	6.00000e+01	7.08456e+05	4.35026e+05
7.68279e+01	6.00000e+01	7.88919e+05	5.09984e+05
5.48770e+01	6.00000e+01	8.82342e+05	5.99617e+05
3.91979e+01	6.00000e+01	9.88337e+05	7.07888e+05
2.79985e+01	6.00000e+01	1.10991e+06	8.40520e+05
1.99989e+01	6.00000e+01	1.24934e+06	1.00371e+06
1.42850e+01	6.00000e+01	1.40954e+06	1.20635e+06
1.02035e+01	6.00000e+01	1.59374e+06	1.46009e+06
7.28824e+00	6.00000e+01	1.80801e+06	1.78160e+06
5.20588e+00	6.00000e+01	2.05915e+06	2.19252e+06
3.71849e+00	6.00000e+01	2.35637e+06	2.71393e+06
2.65606e+00	6.00000e+01	2.69438e+06	3.39476e+06
1.89719e+00	6.00000e+01	3.11089e+06	4.24448e+06
1.35513e+00	6.00000e+01	3.61285e+06	5.37616e+06
9.67953e-01	6.00000e+01	4.21942e+06	6.83632e+06
6.91395e-01	6.00000e+01	4.96454e+06	8.75209e+06
4.93854e-01	6.00000e+01	5.88236e+06	1.12563e+07
3.52753e-01	6.00000e+01	7.03508e+06	1.45306e+07
2.51966e-01	6.00000e+01	8.50410e+06	1.88161e+07
1.79976e-01	6.00000e+01	1.03766e+07	2.44190e+07
1.28554e-01	6.00000e+01	1.28358e+07	3.18366e+07
1.00000e-01	6.00000e+01	1.50435e+07	3.87783e+07
1.00000e+07	6.50000e+01	-6.60700e+01	5.79899e+00
7.14286e+06	6.50000e+01	-1.02570e+02	1.64239e+01
5.10204e+06	6.50000e+01	-1.79043e+02	3.74463e+01
3.64432e+06	6.50000e+01	-3.17914e+02	8.20517e+01
2.60308e+06	6.50000e+01	-5.72300e+02	1.98036e+02
1.85934e+06	6.50000e+01	-1.00778e+03	4.79731e+02
1.32810e+06	6.50000e+01	-1.71091e+03	1.09825e+03
9.48645e+05	6.50000e+01	-2.66958e+03	2.24793e+03
6.77604e+05	6.50000e+01	-3.86996e+03	4.34602e+03
4.84003e+05	6.50000e+01	-5.18887e+03	7.76079e+03
3.45716e+05	6.50000e+01	-6.21203e+03	1.30558e+04
2.46940e+05	6.50000e+01	-6.44634e+03	2.06085e+04
1.76386e+05	6.50000e+01	-5.46854e+03	3.09492e+04
1.25990e+05	6.50000e+01	-2.47187e+03	4.42110e+04
8.99928e+04	6.50000e+01	3.08211e+03	6.30785e+04
6.42805e+04	6.50000e+01	1.42988e+04	8.57900e+04
4.59147e+04	6.50000e+01	3.46887e+04	1.13169e+05
3.27962e+04	6.50000e+01	6.69347e+04	1.39610e+05
2.34258e+04	6.50000e+01	1.10142e+05	1.58702e+05
1.67328e+04	6.50000e+01	1.55683e+05	1.66744e+05
1.19520e+04	6.50000e+01	1.98739e+05	1.66717e+05
8.53712e+03	6.50000e+01	2.37190e+05	1.63498e+05
6.09794e+03	6.50000e+01	2.71852e+05	1.60247e+05
4.35567e+03	6.50000e+01	3.03684e+05	1.58325e+05
3.11119e+03	6.50000e+01	3.33501e+05	1.58716e+05
2.22228e+03	6.50000e+01	3.62389e+05	1.62600e+05
1.58734e+03	6.50000e+01	3.91498e+05	1.70651e+05
1.13382e+03	6.50000e+01	4.21871e+05	1.83541e+05
8.09869e+02	6.50000e+01	4.54385e+05	2.01689e+05
5.78478e+02	6.50000e+01	4.90310e+05	2.25810e+05
4.13199e+02	6.50000e+01	5.30626e+05	2.56725e+05
2.95142e+02	6.50000e+01	5.77489e+05	2.95505e+05
2.10816e+02	6.50000e+01	6.31924e+05	3.43153e+05
1.50583e+02	6.50000e+01	6.95312e+05	4.00672e+05
1.07559e+02	6.50000e+01	7.69099e+05	4.69802e+05
7.68279e+01	6.50000e+01	8.54424e+05	5.52598e+05
5.48770e+01	6.50000e+01	9.53822e+05	6.52472e+05
3.91979e+01	6.50000e+01	1.06727e+06	7.74944e+05
2.79985e+01	6.50000e+01	1.19799e+06	9.25074e+05
1.99989e+01	6.50000e+01	1.34864e+06	1.10978e+06
1.42850e+01	6.50000e+01	1.52439e+06	1.34258e+06
1.02035e+01	6.50000e+01	1.73095e+06	1.63695e+06
7.28824e+00	6.50000e+01	1.96978e+06	2.00435e+06
5.20588e+00	6.50000e+01	2.25176e+06	2.47388e+06
3.71849e+00	6.50000e+01	2.59841e+06	3.07541e+06
2.65606e+00	6.50000e+01	3.00705e+06	3.84361e+06
1.89719e+00	6.50000e+01	3.49890e+06	4.82036e+06
1.35513e+00	6.50000e+01	4.11242e+06	6.08096e+06
9.67953e-01	6.50000e+01	4.84306e+06	7.71871e+06
6.91395e-01	6.50000e+01	5.74386e+06	9.83190e+06
4.93854e-01	6.50000e+01	6.86912e+06	1.25645e+07
3.52753e-01	6.50000e+01	8.29342e+06	1.61059e+07
2.51966e-01	6.50000e+01	1.00903e+07	2.06807e+07
1.79976e-01	6.50000e+01	1.23298e+07	2.65710e+07
1.28554e-01	6.50000e+01	1.50633e+07	3.41623e+07
1.00000e-01	6.50000e+01	1.75015e+07	4.11069e+07
1.00000e+07	7.00000e+01	-6.59207e+01	5.78062e+00
7.14286e+06	7.00000e+01	-1.02543e+02	1.62636e+01
5.10204e+06	7.00000e+01	-1.79047e+02	3.70568e+01
3.64432e+06	7.00000e+01	-3.18044e+02	8.12601e+01
2.60308e+06	7.00000e+01	-5.72969e+02	1.96252e+02
1.85934e+06	7.00000e+01	-1.01058e+03	4.75514e+02
1.32810e+06	7.00000e+01	-1.71868e+03	1.08964e+03
9.48645e+05	7.00000e+01	-2.69174e+03	2.23307e+03
6.77604e+05	7.00000e+01	-3.92402e+03	4.32720e+03
4.84003e+05	7.00000e+01	-5.30440e+03	7.74914e+03
3.45716e+05	7.00000e+01	-6.43436e+03	1.30841e+04
2.46940e+05	7.00000e+01	-6.82830e+03	2.07516e+04
1.76386e+05	7.00000e+01	-6.06779e+03	3.13478e+04
1.25990e+05	7.00000e+01	-3.30402e+03	4.50440e+04
8.99928e+04	7.00000e+01	1.93408e+03	6.46919e+04
6.42805e+04	7.00000e+01	1.30106e+04	8.86572e+04
4.59147e+04	7.00000e+01	3.37508e+04	1.17967e+05
3.27962e+04	7.00000e+01	6.74387e+04	1.46717e+05
2.34258e+04	7.00000e+01	1.13446e+05	1.67644e+05
1.67328e+04	7.00000e+01	1.62342e+05	1.76152e+05
1.19520e+04	7.00000e+01	2.08298e+05	1.75497e+05
8.53712e+03	7.00000e+01	2.48945e+05	1.71164e+05
6.09794e+03	7.00000e+01	2.85205e+05	1.66781e+05
4.35567e+03	7.00000e+01	3.18215e+05	1.63765e+05
3.11119e+03	7.00000e+01	3.48892e+05	1.63330e+05
2.22228e+03	7.00000e+01	3.78403e+05	1.66465e+05
1.58734e+03	7.00000e+01	4.08002e+05	1.73996e+05
1.13382e+03	7.00000e+01	4.38847e+05	1.86482e+05
8.09869e+02	7.00000e+01	4.71750e+05	2.04421e+05
5.78478e+02	7.00000e+01	5.08004e+05	2.28567e+05
4.13199e+02	7.00000e+01	5.48482e+05	2.59591e+05
2.95142e+02	7.00000e+01	5.95078e+05	2.98466e+05
2.10816e+02	7.00000e+01	6.49565e+05	3.47155e+05
1.50583e+02	7.00000e+01	7.12561e+05	4.05816e+05
1.07559e+02	7.00000e+01	7.86337e+05	4.77364e+05
7.68279e+01	7.00000e+01	8.71991e+05	5.63931e+05
5.48770e+01	7.00000e+01	9.72190e+05	6.69227e+05
3.91979e+01	7.00000e+01	1.08781e+06	7.97802e+05
2.79985e+01	7.00000e+01	1.22194e+06	9.56745e+05
1.99989e+01	7.00000e+01	1.37888e+06	1.15381e+06
1.42850e+01	7.00000e+01	1.56157e+06	1.39851e+06
1.02035e+01	7.00000e+01	1.77757e+06	1.70685e+06
7.28824e+00	7.00000e+01	2.03424e+06	2.09558e+06
5.20588e+00	7.00000e+01	2.34235e+06	2.58974e+06
3.71849e+00	7.00000e+01	2.71239e+06	3.21261e+06
2.65606e+00	7.00000e+01	3.15322e+06	4.01143e+06
1.89719e+00	7.00000e+01	3.70227e+06	5.00448e+06
1.35513e+00	7.00000e+01	4.36383e+06	6.29698e+06
9.67953e-01	7.00000e+01	5.18953e+06	7.96166e+06
6.91395e-01	7.00000e+01	6.18397e+06	1.00783e+07
4.93854e-01	7.00000e+01	7.43428e+06	1.28022e+07
3.52753e-01	7.00000e+01	8.98722e+06	1.62993e+07
2.51966e-01	7.00000e+01	1.08924e+07	2.07513e+07
1.79976e-01	7.00000e+01	1.31887e+07	2.64199e+07
1.28554e-01	7.00000e+01	1.59181e+07	3.36093e+07
1.00000e-01	7.00000e+01	1.81961e+07	4.01950e+07
1.00000e+07	7.50000e+01	-6.62012e+01	5.54966e+00
7.14286e+06	7.50000e+01	-1.02587e+02	1.59620e+01
5.10204e+06	7.50000e+01	-1.79253e+02	3.63517e+01
3.64432e+06	7.50000e+01	-3.18776e+02	7.95670e+01
2.60308e+06	7.50000e+01	-5.75291e+02	1.92271e+02
1.85934e+06	7.50000e+01	-1.01850e+03	4.67215e+02
1.32810e+06	7.50000e+01	-1.74272e+03	1.07436e+03
9.48645e+05	7.50000e+01	-2.74928e+03	2.21314e+03
6.77604e+05	7.50000e+01	-4.04833e+03	4.31796e+03
4.84003e+05	7.50000e+01	-5.54189e+03	7.78755e+03
3.45716e+05	7.50000e+01	-6.82903e+03	1.32553e+04
2.46940e+05	7.50000e+01	-7.40569e+03	2.11886e+04
1.76386e+05	7.50000e+01	-6.83419e+03	3.22323e+04
1.25990e+05	7.50000e+01	-4.20030e+03	4.65982e+04
8.99928e+04	7.50000e+01	9.00563e+02	6.73484e+04
6.42805e+04	7.50000e+01	1.21618e+04	9.28683e+04
4.59147e+04	7.50000e+01	3.37668e+04	1.24395e+05
3.27962e+04	7.50000e+01	6.96485e+04	1.55498e+05
2.34258e+04	7.50000e+01	1.19273e+05	1.77864e+05
1.67328e+04	7.50000e+01	1.71929e+05	1.86086e+05
1.19520e+04	7.50000e+01	2.20850e+05	1.84000e+05
8.53712e+03	7.50000e+01	2.63497e+05	1.77863e+05
6.09794e+03	7.50000e+01	3.00953e+05	1.71757e+05
4.35567e+03	7.50000e+01	3.34634e+05	1.67157e+05
3.11119e+03	7.50000e+01	3.65625e+05	1.65499e+05
2.22228e+03	7.50000e+01	3.95247e+05	1.67750e+05
1.58734e+03	7.50000e+01	4.24837e+05	1.74547e+05
1.13382e+03	7.50000e+01	4.55621e+05	1.86402e+05
8.09869e+02	7.50000e+01	4.88305e+05	2.03714e+05
5.78478e+02	7.50000e+01	5.24131e+05	2.27147e+05
4.13199e+02	7.50000e+01	5.64129e+05	2.57651e+05
2.95142e+02	7.50000e+01	6.10364e+05	2.96564e+05
2.10816e+02	7.50000e+01	6.63924e+05	3.45042e+05
1.50583e+02	7.50000e+01	7.26301e+05	4.04679e+05
1.07559e+02	7.50000e+01	7.99365e+05	4.77781e+05
7.68279e+01	7.50000e+01	8.84719e+05	5.66713e+05
5.48770e+01	7.50000e+01	9.84230e+05	6.75195e+05
3.91979e+01	7.50000e+01	1.10161e+06	8.08350e+05
2.79985e+01	7.50000e+01	1.23788e+06	9.73260e+05
1.99989e+01	7.50000e+01	1.39779e+06	1.17728e+06
1.42850e+01	7.50000e+01	1.58611e+06	1.43105e+06
1.02035e+01	7.50000e+01	1.81146e+06	1.75229e+06
7.28824e+00	7.50000e+01	2.07842e+06	2.15198e+06
5.20588e+00	7.50000e+01	2.40419e+06	2.65730e+06
3.71849e+00	7.50000e+01	2.79202e+06	3.30094e+06
2.65606e+00	7.50000e+01	3.26166e+06	4.10619e+06
1.89719e+00	7.50000e+01	3.82844e+06	5.13964e+06
1.35513e+00	7.50000e+01	4.53194e+06	6.43439e+06
9.67953e-01	7.50000e+01	5.39907e+06	8.11568e+06
6.91395e-01	7.50000e+01	6.44009e+06	1.02188e+07
4.93854e-01	7.50000e+01	7.73902e+06	1.29231e+07
3.52753e-01	7.50000e+01	9.32648e+06	1.63801e+07
2.51966e-01	7.50000e+01	1.12426e+07	2.07703e+07
1.79976e-01	7.50000e+01	1.35074e+07	2.63202e+07
1.28554e-01	7.50000e+01	1.61111e+07	3.37621e+07
1.00000e-01	7.50000e+01	1.84254e+07	4.04844e+07
1.00000e+07	8.00000e+01	-6.58474e+01	5.42157e+00
7.14286e+06	8.00000e+01	-1.02570e+02	1.56982e+01
5.10204e+06	8.00000e+01	-1.79291e+02	3.58205e+01
3.64432e+06	8.00000e+01	-3.19116e+02	7.85787e+01
2.60308e+06	8.00000e+01	-5.76374e+02	1.90218e+02
1.85934e+06	8.00000e+01	-1.02230e+03	4.63046e+02
1.32810e+06	8.00000e+01	-1.75338e+03	1.06708e+03
9.48645e+05	8.00000e+01	-2.77492e+03	2.20410e+03
6.77604e+05	8.00000e+01	-4.10237e+03	4.31204e+03
4.84003e+05	8.00000e+01	-5.64116e+03	7.80114e+03
3.45716e+05	8.00000e+01	-6.99597e+03	1.33207e+04
2.46940e+05	8.00000e+01	-7.65047e+03	2.13567e+04
1.76386e+05	8.00000e+01	-7.17697e+03	3.25619e+04
1.25990e+05	8.00000e+01	-4.66089e+03	4.71725e+04
8.99928e+04	8.00000e+01	2.29115e+02	6.83577e+04
6.42805e+04	8.00000e+01	1.12680e+04	9.45760e+04
4.59147e+04	8.00000e+01	3.27594e+04	1.27359e+05
3.27962e+04	8.00000e+01	6.90887e+04	1.60295e+05
2.34258e+04	8.00000e+01	1.20220e+05	1.84689e+05
1.67328e+04	8.00000e+01	1.75127e+05	1.94354e+05
1.19520e+04	8.00000e+01	2.26637e+05	1.92905e+05
8.53712e+03	8.00000e+01	2.71644e+05	1.87059e+05
6.09794e+03	8.00000e+01	3.11228e+05	1.81056e+05
4.35567e+03	8.00000e+01	3.46814e+05	1.76678e+05
3.11119e+03	8.00000e+01	3.79679e+05	1.75327e+05
2.22228e+03	8.00000e+01	4.11120e+05	1.78175e+05
1.58734e+03	8.00000e+01	4.42664e+05	1.85762e+05
1.13382e+03	8.00000e+01	4.75483e+05	1.98647e+05
8.09869e+02	8.00000e+01	5.10199e+05	2.17221e+05
5.78478e+02	8.00000e+01	5.48502e+05	2.42662e+05
4.13199e+02	8.00000e+01	5.91485e+05	2.75866e+05
2.95142e+02	8.00000e+01	6.39881e+05	3.17755e+05
2.10816e+02	8.00000e+01	6.96525e+05	3.70771e+05
1.50583e+02	8.00000e+01	7.62364e+05	4.36633e+05
1.07559e+02	8.00000e+01	8.39441e+05	5.17974e+05
7.68279e+01	8.00000e+01	9.29480e+05	6.17437e+05
5.48770e+01	8.00000e+01	1.03600e+06	7.41275e+05
3.91979e+01	8.00000e+01	1.16342e+06	8.96181e+05
2.79985e+01	8.00000e+01	1.31277e+06	1.08873e+06
1.99989e+01	8.00000e+01	1.48862e+06	1.32545e+06
1.42850e+01	8.00000e+01	1.69744e+06	1.62617e+06
1.02035e+01	8.00000e+01	1.95017e+06	2.00316e+06
7.28824e+00	8.00000e+01	2.25347e+06	2.47907e+06
5.20588e+00	8.00000e+01	2.61984e+06	3.07619e+06
3.71849e+00	8.00000e+01	3.06387e+06	3.84344e+06
2.65606e+00	8.00000e+01	3.62062e+06	4.81266e+06
1.89719e+00	8.00000e+01	4.25027e+06	6.05074e+06
1.35513e+00	8.00000e+01	5.05970e+06	7.59640e+06
9.67953e-01	8.00000e+01	6.03258e+06	9.57890e+06
6.91395e-01	8.00000e+01	7.23824e+06	1.20885e+07
4.93854e-01	8.00000e+01	8.69372e+06	1.52387e+07
3.52753e-01	8.00000e+01	1.04563e+07	1.92547e+07
2.51966e-01	8.00000e+01	1.25651e+07	2.44312e+07
1.79976e-01	8.00000e+01	1.51047e+07	3.10880e+07
1.28554e-01	8.00000e+01	1.77245e+07	3.92431e+07
1.00000e-01	8.00000e+01	2.02173e+07	4.70613e+07
1.00000e+07	8.50000e+01	-6.58739e+01	5.25568e+00
7.14286e+06	8.50000e+01	-1.02700e+02	1.56073e+01
5.10204e+06	8.50000e+01	-1.79545e+02	3.56468e+01
3.64432e+06	8.50000e+01	-3.19612e+02	7.81117e+01
2.60308e+06	8.50000e+01	-5.77904e+02	1.89006e+02
1.85934e+06	8.50000e+01	-1.02646e+03	4.61342e+02
1.32810e+06	8.50000e+01	-1.76480e+03	1.06616e+03
9.48645e+05	8.50000e+01	-2.79762e+03	2.21068e+03
6.77604e+05	8.50000e+01	-4.13707e+03	4.34370e+03
4.84003e+05	8.50000e+01	-5.67602e+03	7.88400e+03
3.45716e+05	8.50000e+01	-6.97441e+03	1.34829e+04
2.46940e+05	8.50000e+01	-7.46910e+03	2.15845e+04
1.76386e+05	8.50000e+01	-6.70787e+03	3.27575e+04
1.25990e+05	8.50000e+01	-3.79884e+03	4.71152e+04
8.99928e+04	8.50000e+01	1.59704e+03	6.76864e+04
6.42805e+04	8.50000e+01	1.29344e+04	9.26917e+04
4.59147e+04	8.50000e+01	3.40849e+04	1.23514e+05
3.27962e+04	8.50000e+01	6.84990e+04	1.54184e+05
2.34258e+04	8.50000e+01	1.15778e+05	1.77503e+05
1.67328e+04	8.50000e+01	1.66472e+05	1.88566e+05
1.19520e+04	8.50000e+01	2.14780e+05	1.90830e+05
8.53712e+03	8.50000e+01	2.58356e+05	1.89829e+05
6.09794e+03	8.50000e+01	2.98296e+05	1.89269e+05
4.35567e+03	8.50000e+01	3.35804e+05	1.90545e+05
3.11119e+03	8.50000e+01	3.71820e+05	1.94624e+05
2.22228e+03	8.50000e+01	4.07713e+05	2.02965e+05
1.58734e+03	8.50000e+01	4.44719e+05	2.16131e+05
1.13382e+03	8.50000e+01	4.83911e+05	2.35027e+05
8.09869e+02	8.50000e+01	5.26088e+05	2.60052e+05
5.78478e+02	8.50000e+01	5.72268e+05	2.92165e+05
4.13199e+02	8.50000e+01	6.24163e+05	3.33292e+05
2.95142e+02	8.50000e+01	6.82480e+05	3.84975e+05
2.10816e+02	8.50000e+01	7.49788e+05	4.49613e+05
1.50583e+02	8.50000e+01	8.27666e+05	5.30134e+05
1.07559e+02	8.50000e+01	9.18177e+05	6.30451e+05
7.68279e+01	8.50000e+01	1.02403e+06	7.54825e+05
5.48770e+01	8.50000e+01	1.14862e+06	9.09338e+05
3.91979e+01	8.50000e+01	1.29508e+06	1.10070e+06
2.79985e+01	8.50000e+01	1.47173e+06	1.34216e+06
1.99989e+01	8.50000e+01	1.68112e+06	1.64447e+06
1.42850e+01	8.50000e+01	1.92966e+06	2.01842e+06
1.02035e+01	8.50000e+01	2.23063e+06	2.49227e+06
7.28824e+00	8.50000e+01	2.59229e+06	3.08720e+06
5.20588e+00	8.50000e+01	3.02987e+06	3.83915e+06
3.71849e+00	8.50000e+01	3.55794e+06	4.80083e+06
2.65606e+00	8.50000e+01	4.21560e+06	6.12732e+06
1.89719e+00	8.50000e+01	4.97199e+06	7.63247e+06
1.35513e+00	8.50000e+01	5.90777e+06	9.53404e+06
9.67953e-01	8.50000e+01	7.04855e+06	1.20762e+07
6.91395e-01	8.50000e+01	8.43773e+06	1.52950e+07
4.93854e-01	8.50000e+01	1.01415e+07	1.93970e+07
3.52753e-01	8.50000e+01	1.21887e+07	2.45177e+07
2.51966e-01	8.50000e+01	1.45744e+07	3.13656e+07
1.79976e-01	8.50000e+01	1.73468e+07	4.05981e+07
1.28554e-01	8.50000e+01	2.04545e+07	5.26018e+07
1.00000e-01	8.50000e+01	2.29231e+07	6.36139e+07